m-fairness.txt: 2483 7 1 1.75 100 60 1 24.83 33.73
m-fraud.txt: 873 6 1 1.87 44 54 1 19.84 28.64
m-hashes.txt: 1277 6 1 1.65 86 44 1 14.85 52.44
m-rlsearch.txt: 1436 6 1 1.77 74 58 1 19.41 37.32
m-semi.txt: 541 6 1 1.99 39 35 1 13.87 24.65
ng-animals.txt: 401 5 1 1.54 39 27 1 10.28 66.44
ng-kenya.txt: 571 5 1 1.7 64 29 1 8.92 53.91
ng-polar.txt: 502 5 1 1.46 44 42 1 11.41 71.39
ng-save.txt: 607 5 1 1.45 58 30 1 10.47 73.28
ng-tardigrade.txt: 481 6 1 1.61 47 29 1 10.23 60.49
test.txt: 6 2 1 1.17 1 6 1 6.0 102.05
